<opencv_storage><CameraMatrix type_id="opencv-matrix"><rows>3</rows><cols>3</cols><dt>d</dt><data>655.87277362 0.0 361.16236141 0.0 643.3209444 441.26729131 0.0 0.0 1.0</data></CameraMatrix><Intrinsics type_id="opencv-matrix"><rows>3</rows><cols>3</cols><dt>d</dt><data>655.87277362 0.0 361.16236141 0.0 643.3209444 441.26729131 0.0 0.0 1.0</data></Intrinsics><Distortion type_id="opencv-matrix"><rows>1</rows><cols>5</cols><dt>d</dt><data>0.68173456 -3.6808909 -0.0235271 0.09214856 8.35183307</data></Distortion></opencv_storage>